0 3.91606187563377 7.57511847285698 11.2762960377959 14.9924238633149 18.7152621237773 22.4416379310038 26.1700942431106 29.8998737166727 33.6305453566158 37.3618463991137 41.093607753016 44.8257157725988 48.5580913001421 52.2906775293982 56.0234326491427 59.7563252086767 63.4893310999807 67.2224315354729 70.955611658532 74.6888595674524 78.4221656162148 82.1555219046844 85.8889219009952 89.6223601578144 93.3558320963592 97.0893338400222 100.822862084809 104.556413997431 108.2899871344
1.31958117157472 4.27781319333206 7.74619494594001 11.3856746059598 15.0728041994582 18.7788750319672 22.4943156759475 26.2150681520388 29.9391221999233 33.6653687262884 37.3931456688841 41.1220333193641 44.8517526815901 48.5821110368027 52.3129709713931 56.0442318574576 59.7758183103912 63.5076727373173 67.2397503787589 70.9720159214561 74.7044411304968 78.437003159898 82.1696833251321 85.9024661966239 89.635338920369 93.368290701933 97.1013124097497 100.834396266728 104.567535608049 108.300724689152
2.4746832718352 5.22883885405346 8.25751708408415 11.7135056095721 15.3135806481348 18.9694271741712 22.6521429810755 26.3498428406036 30.05676096949 33.7697597600685 37.4869835871474 41.2072637395887 44.9298269960232 48.6541411311735 52.3798276796178 56.1066100775195 59.8342814885881 63.5626841083457 67.2916954333838 71.0212189040137 74.7511773758932 78.4815084699802 82.2121611987564 85.9430934776771 89.6742702620656 93.4056621333365 97.1372442129432 100.868995318676 104.600897302449 108.332934525592
3.48379189847768 6.43729391378711 9.09776197224724 12.2607340216541 15.7142951294826 19.286269715363 22.914582317136 26.5740120223142 30.2524868262134 33.9434901174709 37.6431855101197 41.3491631922295 45.0598313735022 48.7740954759896 52.4911776392352 56.2105096783521 59.9316667789764 63.6543248939207 67.3782324994829 71.1031913583018 74.829043103482 78.5556596855154 82.2829364426968 86.0107869905963 89.7391393964346 93.4679332763698 97.1971175658214 100.926648787439 104.656489691712 108.386608179882
4.42758504842231 7.62946259833133 10.203903551932 13.0320506654845 16.2762727814242 19.7290572211757 23.2810176241304 26.8870188428875 30.5258520954 34.1862094437409 37.8614773810737 41.5475154721627 45.2415932822738 48.9418347188375 52.6469069684307 56.3558365620799 60.0678956342611 63.7825289109108 67.4993053317667 71.2178851080229 74.9379967505173 78.6594207118974 82.3819775201381 86.1055190261232 89.8299218509431 93.5550824133151 97.2809131094394 101.007339345071 104.734297205822 108.461731611036
5.3455918679948 8.73030686711239 11.4243781126118 14.0245744754449 17.0050784881112 20.2989535687157 23.7512223345211 27.2883532118717 30.8763571944946 34.4974930440248 38.1415122386742 41.8020396773503 45.4748847696352 49.1571726073793 52.8468621885544 56.5424631252536 60.2428610314677 63.9472056457254 67.6548367775502 71.3652339077349 75.0779810504707 78.7927417329666 82.5092408433407 86.2272512400584 89.9465837248886 93.6670794322226 97.3886039809845 101.111042930202 104.834298211089 108.558285299147
6.25090665001556 9.76825694480514 12.6147107484869 15.1870931871341 17.9092812285204 21.0003415898976 24.3261222159306 27.7778697833224 31.3035953221373 34.8769143901987 38.4829096945366 42.1124132125357 45.7594366270515 49.4198851157367 53.0908563291945 56.7702324738846 60.4564304614011 64.1482424242451 67.844730383902 71.5451546544461 75.2489239608646 78.9555599315503 82.6646713402735 86.3759351039425 90.0890820515664 93.8038861206945 97.5201560541468 101.237728946268 104.956465174814 108.67624438311
7.14816859479342 10.7739845679066 13.7323161152001 16.4069965222092 18.9831751243196 21.8418811366637 25.0089289427049 28.3562845214041 31.8074717379667 35.3241509667302 38.8853117832126 42.4783035671953 46.0949576182474 49.7297226752238 53.3786770334097 57.0389639806701 60.7084498496042 64.3855072467171 68.0688724909767 71.7575489620528 75.4507398667636 79.1478004227205 82.8482031876751 86.5515124875658 90.2573652660174 93.9654565450753 97.6755282492068 101.387360517123 105.100764877565 108.815578838099
8.03951268293531 11.7621458786538 14.7971246956294 17.5885392741057 20.1735606768868 22.83160925278 25.8063927148256 29.0259277718418 32.3885374604107 35.8391390441379 39.348461350718 42.8994114508374 46.4811599240814 50.0864260571073 53.7100969377445 57.3484603289917 60.9987484882898 64.6588523330005 68.3271348383468 72.0023051149492 75.6833310701439 79.369377406323 83.059760714844 86.7539163761792 90.4513737803134 94.1517375164064 97.8546729137979 101.559894800723 105.267158673527 108.976253693157
8.92619398185837 12.7387507544959 15.8325034293626 18.7087202981686 21.3874664229332 23.9567109970243 26.7282914472337 29.7917490442182 33.0484975319617 36.4223045107677 39.8723138510673 43.375529767253 46.9177927612929 50.4897468153965 54.0848867728659 57.6985162740648 61.3271451038188 64.9681184482911 68.6193777252493 72.2793004254548 75.9465895804117 79.6201955484869 83.2992594844723 86.9830717266067 90.6710406692262 94.3626691451046 98.0575362757132 101.75528336185 105.455602799653 109.158229289412
9.80906371385477 13.706496171175 16.8511168301349 19.7846562082831 22.5587654052011 25.1606284663636 27.7792392702084 30.6619882420829 33.7909442316921 37.074912762408 40.4572011332579 43.9066260874983 47.4046874574171 50.9394737779743 54.5028318994415 58.0889294830755 61.6934552518951 65.3131401158178 68.9454537860315 72.5884040315296 76.2403992284373 79.9001516062054 83.5666075596179 87.2388964682538 90.9162924703113 94.5981854871289 98.2840589696853 101.973472605237 105.666048734571 109.361461579631
10.688742657061 14.6668775602287 17.8586378033706 20.8348443885153 23.6771389950638 26.3656520864568 28.9380907414564 31.6458765726754 34.6221740738555 37.7995899769286 41.1040772484833 44.492961487723 47.9418194471977 51.4354680129445 54.9637534179774 58.5195140183899 62.0975003342144 65.6937518764847 69.3052124714708 72.9294801880331 76.5646381363865 80.2091363151152 83.8617069696876 87.5213026574398 91.1870501040381 94.8582152854657 98.534176640788 102.214404270969 105.898443608603 109.585902470061
11.5657025521603 15.6209065201857 18.8576369570002 21.8698498502569 24.7581525710972 27.5267341088964 30.1467082623815 32.742691818931 35.5510843129187 38.6010135569021 41.8148883641826 45.1352666495389 48.5293962132931 51.9777102198758 55.4675356651928 58.9901173413048 62.539118683793 66.1097958344006 69.6985053691419 73.3023921285989 76.9191815894764 80.5470365689201 84.1844553934484 87.8301977967396 91.4832299217139 95.1426828121749 98.8078206280722 102.478015994677 106.152730666664 109.831500205874
12.4403120764153 16.569353055905 19.8494604367589 22.8946932985918 25.8168549373847 28.6418146117687 31.3413902655757 33.9233668540978 36.5848955029339 39.4864377955143 42.5931002066482 45.835006476325 49.1679857865187 52.5663669579461 56.014162987195 59.5006422038385 63.0181794002467 66.5611308447194 70.1251925578085 73.707006609137 77.3039053751539 80.9137379303519 84.5347480840623 88.1654863354013 91.8047448917662 95.4515088180846 99.1049187332809 102.764241935896 106.428849786443 110.098199801904
13.3128656727168 17.5128373181194 20.8349682903454 23.9117124530504 26.8620194924385 29.7251370002772 32.4928464006866 35.1308457000538 37.7163784860963 40.4645817201885 43.4442988202932 46.5947695364698 49.858708348506 53.2018860233795 56.6037704061343 60.0510755690607 63.5345999769076 67.0476438767588 70.5851502814767 74.1431992926613 77.7186896824323 81.309127529369 84.9124800706262 88.5270713727686 92.1515059386692 95.7846115996499 99.4253960811062 103.073013479064 106.726738054995 110.385943520915
14.1836027273236 18.4518727600221 21.81480314123 24.9221060111199 27.8979852096649 30.7891460385992 33.6042415371676 36.3146578694844 38.9100276347854 41.5393423370289 44.3762811406269 47.41878273328 50.6035213048791 53.8851370944091 57.2367155340075 60.6415279261833 64.0883693231134 67.569264353725 71.0782803631897 74.6108612056567 78.1634236927259 81.7330974262731 85.3175486836609 88.914856594526 92.5234234537449 96.1419081956622 99.7691760795341 103.404260013014 107.046330407848 110.694671402321
15.0527208280973 19.386891479102 22.789488257408 25.9266055384957 28.926829855154 31.8411416322774 34.688497802943 37.4573165309048 40.1125048133509 42.6965345125857 45.3967072749331 48.3133500434033 51.4056218149342 54.6176209420987 57.9136832662324 61.2722883033596 64.6795786657792 68.125982682945 71.6045219804295 75.1099065995051 78.6380110487874 82.1855485482225 85.7498564698085 89.3287484822491 92.9204090036441 96.5233157306709 100.13618149154 103.757909796651 107.387560335931 111.024321845089
15.9203852005551 20.3182614166012 23.7594671067365 26.9257407019223 29.9496170702712 32.8848360490319 35.7560050405313 38.565094170839 41.2855436367115 43.8963953269349 46.5050395098081 49.2863344221162 52.2699158668097 55.401773712514 58.6358405246411 61.9439032745187 65.3084641977753 68.7178748307124 72.1638667304924 75.6402827036904 79.1423764684008 82.6663953512496 86.2093145857302 89.7686588512693 93.342377271132 96.9287529274841 100.526335632926 104.133890920775 107.750360667223 111.374832249657
16.786735586004 21.2462989213961 24.725122778 27.9199399457566 30.9669780353716 33.9220519090573 36.8128569327058 39.6495799541697 42.4203168740659 45.0914392691719 47.6804246595289 50.3434139268926 53.2031968332012 56.2413689711082 59.4050637813756 62.6572925957696 65.975467487983 69.3451357937823 72.7563783846352 76.2019820875399 79.6764738868615 83.1755714224091 86.6958467958713 90.2345077918298 93.7892482746968 97.3581418184301 100.939563715713 104.532132379077 108.134664431967 111.746139725019
17.6518913588267 22.1712782699594 25.6867898268864 28.9095696469491 31.9793565994331 34.9537289671267 37.8622159184647 40.7194972911769 43.5247413736457 46.2542060621156 48.8813573280364 51.4788146966854 54.2128333081209 57.1418924011545 60.2242577446689 63.4139193293865 66.6813228729876 70.0081263675359 73.3822194567861 76.795058696511 80.2402966865763 83.7130363273863 87.2093942479529 90.7262271162509 94.2609499297217 97.811409694857 101.375794362609 104.952565265154 108.54040582288 112.138181868861
18.5159554024177 23.0934390358849 26.6447626814747 29.8949511708202 32.9871070730558 35.9804169065862 38.9056684132605 41.779949405964 44.6090997905632 47.382006926668 50.0676022742391 52.6660004258645 55.3016040866879 58.1103380080819 61.0977346041962 64.2160346411561 67.4271853499601 70.7074399563707 74.0416878360528 77.419649163825 80.8338908339468 84.2787841421518 87.7499212707075 91.2437644538099 94.7574210362867 98.2884913475877 101.834961326155 105.395124117569 108.967521265076 112.55089763079
19.3790170916758 24.0129918827912 27.5993020902855 30.8763699162986 33.9905327945528 37.0024937717756 39.9440413768361 42.8336260012163 45.68074207093 48.4834175739261 51.2208401672839 53.8642145837822 56.4581264420336 59.152934043161 62.0314276258765 65.0670015526639 68.2148165244893 71.4439995033684 74.7352684457062 78.0760018198617 81.4573721408293 84.8728543053652 88.3174225411146 91.7870881904889 95.2786148097707 98.7893316691305 102.317005457043 105.859748441639 109.415950614695 112.984228271517
20.2411546205657 24.9301231754895 28.5506402522537 31.8540811944963 34.9899021578284 38.0202571337549 40.9778159476675 43.8819015355791 46.743954395813 49.5674797615237 52.3425369974657 55.0410792442022 57.6517328854125 60.2687354258872 63.0321654639477 65.9716183382296 69.0468433631501 72.2191985604598 75.4637074024859 78.7645170763651 82.1109494736483 85.4953457258163 88.9119321196073 92.3561935305962 95.8245031142546 99.3138887134098 102.821876980794 106.346384445657 109.885638510863 113.438118434447
21.1024368416712 25.8449986910768 29.4989849749862 32.8283146086928 35.9854562685993 39.0339610786196 42.0073181042477 44.9255013859745 47.8010237917411 50.6404006131418 53.4412889605047 56.1856543837381 58.8445767842191 61.4408930184185 64.1043277815095 66.9360855240129 69.9270718190287 73.03510238444 76.2281194638699 79.4858047324736 82.7949566562469 86.1464355295748 89.5335350766809 92.9511100736349 96.3950816212497 99.8621373436667 103.349538162173 106.85498704126 110.37653591301 113.912517350862
21.9629247367336 26.7577666353194 30.4445230853736 33.7992775515588 36.9774134163453 40.0438314721533 43.0328013353314 45.9648478028836 48.8531378995977 51.7057893095348 54.5249898516799 57.3020468927202 60.0120372153997 62.6365143872476 65.2426235769452 67.9666155625787 70.8607085477941 73.8947142793287 77.030142663464 80.2407663640802 83.5098971994072 86.826404514648 90.1823827719396 93.5719114712798 96.9903762065352 100.434073648481 103.899966464633 107.385522174066 110.888601865521 114.407380206019
22.8226726044231 27.6685601165209 31.3874232524294 34.7671580872653 37.9659722061799 41.0500728382823 44.054481212815 47.0002243502786 49.9009315272568 52.7655913487452 55.5988905062078 58.398482312698 61.1488555681115 63.8222805734695 66.4254146024286 69.0650199787359 71.8539788934027 74.8022564334614 77.8721523419962 81.0307140270771 84.2565079925522 87.5356724100208 90.8587133556593 94.2187279844508 97.6104510296621 101.029720376398 104.473158351252 107.937969573182 111.421805545035 114.922669701735
23.6817290288003 28.5774991912201 32.3278383418769 35.7321273638208 38.9513140112581 42.0528720238069 45.0725498090537 48.0318495069774 50.944775777056 53.8208314755875 56.6660369449097 59.4818140337054 62.2606644223413 64.9806877865041 67.6195855453449 70.221352598142 72.9119496767061 75.7632297997024 78.7575246536046 81.8575380926385 85.0358507059273 88.2748475486131 91.562879828951 94.891763142504 98.2554189350034 101.649133741674 105.069133929089 108.512326039485 111.97612866397 115.458357861969
24.5401376757995 29.4846925686763 33.2659073939518 36.6943416510364 39.9336050001793 43.0524005742528 46.0871820290622 49.0599083275827 51.9849188789445 54.8720643977158 57.7280855119679 60.5564899228591 63.3550989429552 66.110639965689 68.7973231792347 71.4103342054081 74.0332096870998 76.7835700520012 79.6908527382307 82.7239298815208 85.84944213417 89.0447976530879 92.2953891348452 95.5913162794694 98.9254551020392 102.292412102798 105.6879427185 109.108609436538 112.551568328987 116.014428142782
25.3979379534837 30.3902390410093 34.2017572954329 37.6539440740723 40.9129978546307 44.0488165235733 47.0985387715193 50.0845658713751 53.0215509148105 55.9196165673775 58.7859198531151 61.6250859640106 64.4380842331494 67.218504685184 69.9472610456945 72.6004709867057 75.2032440167517 77.8666149951378 80.6777701142674 83.6336266078412 86.6994337949476 89.8467508793297 93.0569573735719 96.3178135750411 99.6208153034929 102.959707235374 106.329670944255 109.7268636105 113.148140488151 116.590877928405
26.2551655633815 31.2942286909319 35.1355042016187 38.6110660966236 41.8896332421729 45.042265859309 48.1067688293848 51.1059730609833 54.0548323693824 56.9637063046305 59.8400242663936 62.6890137975531 65.513392414635 68.3112221517127 71.071188306099 73.7698091283331 76.3946095165824 79.0072333195573 81.7235336627276 84.591520207977 87.5888359578757 90.6824376615811 93.8485883342856 97.0718514669719 100.341860771265 103.651239247093 106.994450913967 110.367164555179 113.765884149981 117.187721523224
27.1118529639918 32.1967439178062 36.0672547523642 39.5658287965669 42.8636410881487 46.0328837694508 49.1120102506832 52.1242694905555 55.0849064684564 58.0045002402684 60.8906861490358 63.7490353516537 66.5832060244333 69.3938989429021 72.175670109819 74.9119881353684 77.5789194613028 80.1868539548017 82.8291602740488 85.6031574692489 88.5217215983331 91.554279133385 94.6716845662222 97.8542579969083 101.089092610859 104.367316666671 107.682473297814 111.02962826867 114.404866627957 117.804993788841
27.9680297628974 33.0978603142354 36.9971071173986 40.5183439684315 43.8351416799328 47.0207957222795 50.1143914293212 53.1395850106425 56.1119045797336 59.0421387685656 61.9380982197983 64.8055733109202 67.6487295565795 70.4697375910859 73.2669216246482 76.0306636492794 78.7399088870164 81.3774827632057 83.9855502686166 86.6726614039911 89.503173463284 92.4656015262105 95.5281998250399 98.6661796388992 101.863200033802 105.108363951662 108.394003490735 111.714420938522 115.065190165367 118.442754630899
28.8237230504201 33.9976474188808 37.9251518992463 41.4687150805237 44.804246629927 48.0061184098194 51.1140320308375 54.1520408024412 57.1359487434168 60.0767472505058 62.9824074572597 65.85888089372 68.7106202047953 71.540590467303 74.3493340557555 77.1322510257898 79.8750903239294 82.5548488564331 85.170978555243 87.798192278902 90.5383683669089 93.42076859467 96.4208313048684 99.5092024144243 102.665128390195 105.874959685799 109.129403779421 112.421772372432 115.747000442433 119.101094619669
29.6789576850786 34.8961693661432 38.8514729166965 42.417038109402 45.7710597187862 48.98896057662 52.1110437985963 55.1617502138982 58.1571530330405 61.1084409588643 64.023737597388 66.909128736309 69.7692469122962 72.6074865913404 75.4256292192957 78.2222562767495 80.9892109814465 83.7078281191411 86.3584446173008 88.9667534198534 91.6297979856272 94.4249012097307 97.3532084702102 100.385512955061 103.496174676628 106.667890130063 109.889163822507 113.151994003364 116.450497682473 119.780142142627
30.5337565390551 35.7934854494078 39.776147887528 43.363402270329 46.7356776365663 49.9694237507951 53.1055312642478 56.168819462791 59.1756244308979 62.1373273703267 65.0621992080495 67.9564471551436 70.8248329889752 73.6709931690091 76.4973818061782 79.3044495102955 82.0883265489257 84.836772767079 87.5282979208844 90.1546556268228 92.7723632124051 95.4824591005406 98.329914161857 101.298086755537 104.358118162354 107.488224431639 110.673943053638 113.905503398954 117.175951388654 120.480072653049
31.3881407102782 36.6896506114568 40.6992490258343 44.3078906590826 47.6981906364691 50.9476028911316 54.0975923777642 57.1733482499028 60.191463486329 63.1635073562461 66.0978941833039 69.0009459051834 71.8775299209005 74.7314323756573 77.5654720559086 80.3811463874107 83.1772762446434 85.9469578637231 88.6737859180695 91.3371931957848 93.9495907732698 96.5938030432589 99.3559025432583 102.25082941438 105.253386576088 108.337418928817 111.48463003286 114.682858062256 117.923720202636 121.201120820381
32.2421297064819 37.5847158731972 41.6208435666138 45.2505808178907 48.658683113433 51.9235869617563 55.0873190684449 58.1754303026066 61.204764861308 64.1870759143246 67.1309178197174 70.0427231687718 72.9274537660176 75.7890013572854 78.6303899170503 81.4536875942198 84.2592935647257 87.0439656183448 89.7972215016785 92.4993860618899 95.1371566123842 97.7503806631277 100.434515080597 103.248436958814 106.18522896367 109.217455965135 112.32242520389 115.484802469077 118.694279038578 121.943596740668
33.0957416056173 38.4787287098947 42.5409942281299 46.1915452361434 49.6172341178374 52.89745944402 56.0747977460725 59.1751538605485 62.2156178052181 65.2081226993217 68.1613598700833 71.0818696116713 73.974702422711 76.8438349283034 79.6924169293422 82.5228270930146 85.3363506603184 88.1320243733297 90.9040156631664 93.6380002145247 96.3135913938135 98.932987284169 101.563535496861 104.29543582688 107.157780122641 110.131009665291 113.188953714194 116.312333657959 119.488256567444 122.70790787549
33.9489931962064 39.3717333825339 43.4597596208052 47.1308517948146 50.5739178129781 53.8692987937647 57.060109749876 60.1726021115333 63.2241065772431 66.2267324549027 69.1893051667699 72.1184702593951 75.019363599783 77.8960368544548 80.7517273570337 83.5889885250078 86.4095906599938 89.2139056632392 91.9992280757928 94.7566025656664 97.4682815998679 100.117967780532 102.731031570536 105.393616345076 108.175701970061 111.08158740298 114.086409985896 117.166791716625 120.306487309788 123.494589110056
34.8019001006087 40.2637712306514 44.3771946099908 48.0685641621166 51.5288038836373 54.8391788509171 58.0433317517952 61.1678535839433 64.2303108259734 67.2429853874402 70.2148340582985 73.152605435285 76.06151845417 78.9456948896658 81.8084414585829 84.652418158151 87.4796602314304 90.2912908238194 93.0865373781568 95.8604810593983 98.6006786347969 101.287626057057 103.916059384297 106.537857077209 109.242777895498 112.073480268225 115.017714850214 118.049980254382 121.150083820105 124.304344292939
35.6544768836608 41.1548809319602 45.2933506387958 49.0047421467538 52.4819579019727 55.8071692073298 59.0245361195991 62.1609825009369 65.2343059323289 68.2569574990546 71.2380227573175 74.1843512989697 77.1012432806809 79.9928878070044 82.8626523391872 85.7132702486297 88.5469261048317 91.3651559177089 94.1683184315583 96.9541657190849 99.7150624413241 105.096762736965 102.435177972423 105.096762736965 107.713211750335 110.358818679048 113.111121752219 115.986604081009 118.964312784688 122.020534790815
36.5067371487474 42.0450987332362 46.2082760162039 49.9394420141839 53.4334416560373 56.7733355379455 60.0037912446259 63.1520591008946 66.2361633203412 69.2687208882255 72.2589436394563 75.2137802115573 78.1386103493314 81.0376886436315 83.9144390072451 86.7716523172806 89.6116039499662 92.4360563454237 95.2460061253899 98.0408467824342 103.562013307473 100.81643763397 103.562013307472 106.25937168513 108.898118276683 114.197193072047 111.515650772647 114.197193072047 116.997419798049 119.912949534578
37.3586936230258 42.934458656248 47.122016174919 50.8727167704988 54.3833134454792 57.7377398996439 60.9811618382592 64.1411499279599 67.2359507394949 70.2783440228308 73.2776655094892 76.2409610204781 79.1736883749844 82.0801662167407 84.963872551721 87.8276481783105 90.6738305278746 93.5043099779546 96.3204350227725 99.1225591125736 101.908823290462 104.672729262556 110.073369911327 107.40027680798 110.073369911327 112.695953414472 115.329149865164 118.054123456488 120.899805117365 123.850610010375
38.2103582332583 43.8229926819348 48.034613902723 51.8046164178756 55.3316283483289 58.7004410015366 61.9567092007023 65.128318096012 68.2337325217711 71.2858919890081 74.2942538423219 77.2659593017718 80.2065428269694 83.1203858713933 86.0110190234091 88.8813292514076 91.7337021919354 94.5701059477616 97.3920828035804 100.200528547652 102.994979690209 108.522178404202 105.771957426835 108.522178404202 111.22896016805 113.878661447319 119.157912495465 116.49584876391 119.157912495465 121.929129197488
39.0617421734788 44.7107309155679 48.9461095505882 52.7351881849904 56.278438462248 59.6614944499647 62.9304914651407 66.1136235289742 69.2295698161146 72.2914267185255 75.3087710028498 78.2888375754636 81.2372361654649 84.1584098927941 87.0559407898878 89.9327599712781 92.7912946255073 95.6335657155926 98.4612253737606 101.275469631643 104.07665062906 106.86323938007 109.629714410889 115.047738864428 112.363776552874 115.047738864428 117.678445002783 120.303619755622 123.004121536327 128.744839555567
39.9128559655394 45.5977017352298 49.8565412203255 53.6644767353213 57.2237931231558 60.6209529710263 63.9025638199874 67.0971231799945 70.2235208026976 73.2950071969234 76.3212764473332 79.3096555009498 82.2658280404045 85.1942977716027 88.0986972029867 90.9820003359855 93.84667262613 96.6947758277719 99.5280288499207 102.347793786172 105.154884441637 107.948959432014 113.481329486784 110.727102395305 113.481329486784 116.196556955287 121.477463719967 118.857354346708 121.477463719967 126.868152854229
40.7637095134266 46.4839319256185 50.7659449341658 54.5925243558716 58.1677391037659 61.5788666130964 64.8729787115606 68.0788712317203 71.2156408890668 74.2966896543879 77.3318269082953 80.3284700558997 83.2923754677454 86.2281064024166 89.1393449622108 92.0291071138032 94.8998948299857 97.7538048268074 100.592601307635 103.417740852978 106.23029373374 111.817447237201 109.030612389844 111.817447237201 114.586114258037 120.019908555282 117.325865347019 120.019908555282 122.660040180426 125.281241503804
41.6143121521078 47.3694467989034 51.6743547883509 55.5193711285093 59.1103207942378 62.5352829314886 65.8417860292563 69.0589192796174 72.2059828900049 75.2965277410754 78.3404765646113 81.3453357008069 84.3169329895416 87.2598902489027 90.1779383439711 93.0741344381629 95.9510159583249 98.8107117029077 104.485456982244 101.655020667698 104.485456982244 107.303233378733 110.109095725334 112.902806109292 118.439603983866 115.681925743687 118.439603983866 123.83400557405 121.162343262821 123.83400557405
42.4646726915659 48.2542703041271 52.5818030925301 56.4450550858343 60.0515803668677 63.4902471571406 66.8090332750219 70.0373165000527 73.1945971927285 76.2945726884065 79.3472771982238 82.3603045307401 85.3395528209357 88.289701489557 91.2145293699108 94.1171341288235 97.0000878890087 99.8655500111008 102.715349181594 105.551038534084 108.373912204462 111.184935351854 116.771475489531 113.984460914205 116.771475489531 119.542011905806 124.989979615182 122.286716997507 124.989979615182 130.26105994374
43.3147994565832 49.1384251264455 53.4883204965291 57.3696123532419 60.9915579265048 64.4438023509774 67.7747657187245 71.0141098046553 74.1815319088513 77.2908734576765 80.3522783387519 83.3734264155422 86.3602849858522 89.3175901501069 92.2491679453672 95.1581558911831 98.0471601859435 100.918369845969 103.773640724374 109.442459032874 106.614555831795 109.442459032874 115.063180780141 112.258437829372 115.063180780141 117.856537056016 123.397122322889 120.636473112196 123.397122322889 128.808539191595
